pdout(m1pro_tskpd0,[3:5 end])

ans =

     4     1   202     1
    10     1   201     1
    10     2   205     1
    19     3     3     1
    22     3   202     1
    22     4   203     1
    23     4   202     1
    23    10   201     1
    24     1   201     1
    26     2   203     1
    28     2   204     1
    18     2     1     2
    19     1   102     2
    19     3   101     2
    21     1   106     2
    21     1     3     2
    21     2   101     2
    23     1   101     2
    23     1     2     2
    23     3     3     2
    26     2   103     2
    28     3     1     2
    29     1     1     2
    31     3   203     2
    32     5     7     2
    35     5   202     2
    37     2   202     2
    37     2   203     2
    37     2   204     2
    37     2     8     2
    37     7   203     2
    39     1     8     2
    40     8     7     2
    43     5     6     2
    46     2   202     2
    49     1   202     2
    49     1     6     2
    64    12   301     3


pdout(m1sup_tskpd0,[3:5 end])

ans =

     4     1   202     1
     9     1   203     1
     9     4   206     1
    10     2   205     1
    10     2     3     1
    14     2     2     1
    14     2   205     1
    15     8     1     1
    15    11     2     1
    22     1   204     1
    28     8   202     1
    31     1   202     1
    31     1   203     1
    18     2     1     2
    18     3     3     2
    21     1   101     2
    21     1     3     2
    21     3     2     2
    23     3     3     2
    28     3     1     2
    29     1     1     2
    32     5     5     2
    32     5     8     2
    35     1     7     2
    37     2   203     2
    37     2   204     2
    37     7   203     2
    37     7     8     2
    39     2   203     2
    42     1   201     2
    43     5   201     2
    43     5   203     2
    43     5     6     2
    45     1   201     2
    50     1   203     2
    50     5   202     2
    54     2     7     2
    54     6   201     2
    54     6   301     3
    57     1   303     3
    63     1   301     3